0.000000 0.000000 3000 3000
30
2350.000000 2503.000000 70 148
1328.000000 376.000000 74 103
170.000000 453.000000 179 153
946.000000 1010.000000 248 232
1078.000000 213.000000 161 133
60.000000 1385.000000 236 248
2115.000000 1818.000000 197 156
1024.000000 1958.000000 83 194
2762.000000 439.000000 88 187
2251.000000 148.000000 234 91
982.000000 1647.000000 212 261
2270.000000 1943.000000 251 128
2499.000000 570.000000 202 233
2613.000000 812.000000 210 98
1025.000000 1819.000000 223 246
1806.000000 1851.000000 135 182
1931.000000 1221.000000 267 104
838.000000 654.000000 98 114
1733.000000 1239.000000 236 84
504.000000 220.000000 73 189
985.000000 1425.000000 178 219
1601.000000 326.000000 129 237
1805.000000 2613.000000 250 185
622.000000 2715.000000 128 264
343.000000 580.000000 215 99
2126.000000 36.000000 190 258
725.000000 2359.000000 224 138
2579.000000 2572.000000 216 109
2230.000000 251.000000 110 107
1673.000000 624.000000 189 94
123
1596.000000 232.000000 10.000000
245.000000 2744.000000 10.000000
2938.000000 348.000000 10.000000
2878.000000 1954.000000 10.000000
1925.000000 1312.000000 10.000000
434.000000 1405.000000 10.000000
152.000000 2537.000000 10.000000
2207.000000 558.000000 10.000000
2867.000000 2055.000000 10.000000
2890.000000 730.000000 10.000000
1828.000000 2822.000000 10.000000
1542.000000 333.000000 10.000000
2331.000000 293.000000 10.000000
2864.000000 2943.000000 10.000000
2384.000000 1547.000000 10.000000
1574.000000 69.000000 10.000000
539.000000 1001.000000 10.000000
236.000000 1064.000000 10.000000
314.000000 2741.000000 10.000000
2574.000000 417.000000 10.000000
1810.000000 2464.000000 10.000000
534.000000 398.000000 10.000000
1632.000000 328.000000 10.000000
560.000000 121.000000 10.000000
2671.000000 1508.000000 10.000000
438.000000 2879.000000 10.000000
2366.000000 512.000000 10.000000
2758.000000 1236.000000 10.000000
559.000000 69.000000 10.000000
1604.000000 730.000000 10.000000
83.000000 274.000000 10.000000
495.000000 2038.000000 10.000000
1251.000000 1764.000000 10.000000
271.000000 2986.000000 10.000000
1467.000000 1815.000000 10.000000
959.000000 995.000000 10.000000
1884.000000 773.000000 10.000000
1635.000000 2828.000000 10.000000
739.000000 1076.000000 10.000000
2748.000000 331.000000 10.000000
493.000000 1049.000000 10.000000
2673.000000 2224.000000 10.000000
1432.000000 1977.000000 10.000000
1506.000000 2651.000000 10.000000
1368.000000 1036.000000 10.000000
2928.000000 2293.000000 10.000000
831.000000 1045.000000 10.000000
2737.000000 968.000000 10.000000
2914.000000 63.000000 10.000000
1671.000000 2706.000000 10.000000
1882.000000 1287.000000 10.000000
903.000000 761.000000 10.000000
1545.000000 1936.000000 10.000000
2487.000000 2396.000000 10.000000
2931.000000 1538.000000 10.000000
2526.000000 1668.000000 10.000000
2321.000000 905.000000 10.000000
1214.000000 2156.000000 10.000000
476.000000 2563.000000 10.000000
891.000000 2919.000000 10.000000
1973.000000 1655.000000 10.000000
2750.000000 424.000000 10.000000
2547.000000 2492.000000 10.000000
2639.000000 2710.000000 10.000000
65.000000 117.000000 10.000000
1889.000000 2619.000000 10.000000
2751.000000 2956.000000 10.000000
2593.000000 2596.000000 10.000000
1154.000000 1719.000000 10.000000
2586.000000 2737.000000 10.000000
529.000000 1576.000000 10.000000
2716.000000 536.000000 10.000000
2114.000000 2026.000000 10.000000
836.000000 2991.000000 10.000000
76.000000 1191.000000 10.000000
1945.000000 1141.000000 10.000000
619.000000 1922.000000 10.000000
1845.000000 2904.000000 10.000000
2080.000000 1493.000000 10.000000
113.000000 1375.000000 10.000000
215.000000 2262.000000 10.000000
2977.000000 953.000000 10.000000
2583.000000 2218.000000 10.000000
2143.000000 541.000000 10.000000
1146.000000 1946.000000 10.000000
105.000000 2893.000000 10.000000
155.000000 1594.000000 10.000000
502.000000 867.000000 10.000000
663.000000 1993.000000 10.000000
1383.000000 342.000000 10.000000
2723.000000 2966.000000 10.000000
135.000000 188.000000 10.000000
2928.000000 1260.000000 10.000000
1679.000000 1772.000000 10.000000
2667.000000 1690.000000 10.000000
2123.000000 450.000000 10.000000
973.000000 272.000000 10.000000
606.000000 293.000000 10.000000
735.000000 250.000000 10.000000
2952.000000 2391.000000 10.000000
1956.000000 2401.000000 10.000000
650.000000 1250.000000 10.000000
2409.000000 527.000000 10.000000
2529.000000 40.000000 10.000000
1425.000000 1971.000000 10.000000
2307.000000 938.000000 10.000000
2530.000000 2669.000000 10.000000
44.000000 1045.000000 10.000000
1366.000000 2179.000000 10.000000
1181.000000 123.000000 10.000000
2852.000000 1829.000000 10.000000
1750.000000 1408.000000 10.000000
1292.000000 523.000000 10.000000
333.000000 2838.000000 10.000000
2482.000000 362.000000 10.000000
1977.000000 1752.000000 10.000000
2050.000000 232.000000 10.000000
2696.000000 212.000000 10.000000
1390.000000 659.000000 10.000000
1755.000000 887.000000 10.000000
1710.000000 1224.000000 10.000000
1981.000000 2262.000000 10.000000
2085.000000 2994.000000 10.000000
1
200.000000 200.000000 60.000000
1
0 3000 100
