0 0 2000 2000
17
287.000000 1066.000000 385 202
286.000000 1820.000000 414 110
1011.000000 1171.000000 444 338
1767.000000 1706.000000 196 193
1678.000000 1424.000000 341 96
1374.000000 670.000000 353 322
58.000000 1354.000000 179 374
581.000000 1118.000000 237 182
1585.000000 1767.000000 162 199
1612.000000 826.000000 145 263
1891.000000 1054.000000 66 270
804.000000 125.000000 284 420
762.000000 489.000000 265 399
1292.000000 356.000000 219 53
561.000000 1546.000000 80 244
301.000000 1751.000000 88 77
1414.000000 346.000000 310 120
41
545.000000 1413.000000 10.000000
885.000000 607.000000 10.000000
79.000000 1569.000000 10.000000
993.000000 1192.000000 10.000000
858.000000 789.000000 10.000000
1227.000000 1766.000000 10.000000
290.000000 1612.000000 10.000000
420.000000 1825.000000 10.000000
1085.000000 151.000000 10.000000
1608.000000 347.000000 10.000000
335.000000 1047.000000 10.000000
1718.000000 1753.000000 10.000000
424.000000 767.000000 10.000000
167.000000 1217.000000 10.000000
888.000000 1381.000000 10.000000
170.000000 1469.000000 10.000000
1044.000000 1267.000000 10.000000
261.000000 1304.000000 10.000000
2036.000000 196.000000 10.000000
806.000000 135.000000 10.000000
1484.000000 423.000000 10.000000
921.000000 211.000000 10.000000
149.000000 1709.000000 10.000000
1803.000000 245.000000 10.000000
846.000000 112.000000 10.000000
604.000000 1241.000000 10.000000
1585.000000 936.000000 10.000000
166.000000 1462.000000 10.000000
1253.000000 1733.000000 10.000000
971.000000 1807.000000 10.000000
754.000000 2026.000000 10.000000
180.000000 1558.000000 10.000000
263.000000 183.000000 10.000000
1257.000000 1664.000000 10.000000
1860.000000 1276.000000 10.000000
310.000000 721.000000 10.000000
1325.000000 1572.000000 10.000000
1695.000000 727.000000 10.000000
205.000000 1254.000000 10.000000
491.000000 747.000000 10.000000
754.000000 2041.000000 10.000000
1
1509.037598 553.360901 33.250000
1

